1 0.18515625 0.33289473684210524 0.11484375 0.20657894736842106
1 0.22890625 0.15526315789473685 0.08515625 0.15
1 0.421875 0.1394736842105263 0.07578125 0.12236842105263158
1 0.53125 0.2881578947368421 0.09375 0.17894736842105263
1 0.8140625 0.3684210526315789 0.1015625 0.1986842105263158
1 0.671875 0.21447368421052632 0.07109375 0.13815789473684212
1 0.4203125 0.29342105263157897 0.08515625 0.16447368421052633
1 0.8625 0.18289473684210528 0.05625 0.11578947368421053
1 0.0375 0.29210526315789476 0.075 0.11052631578947368
1 0.08984375 0.16710526315789473 0.08359375 0.14078947368421052
1 0.34375 0.18026315789473685 0.06171875 0.11052631578947368