1 0.5453125 0.5631578947368421 0.034375 0.10921052631578948
1 0.8 0.44605263157894737 0.0390625 0.11842105263157894
1 0.1640625 0.24868421052631579 0.04140625 0.11842105263157894
1 0.29375 0.4052631578947368 0.03984375 0.10263157894736842
1 0.42734375 0.6197368421052631 0.04296875 0.09736842105263158
1 0.3453125 0.09605263157894736 0.0375 0.08947368421052632
1 0.4640625 0.1513157894736842 0.04140625 0.075
1 0.61171875 0.26842105263157895 0.03125 0.0868421052631579
0 0.25234375 0.08421052631578947 0.0296875 0.05789473684210526
0 0.68359375 0.24473684210526317 0.04453125 0.07763157894736843
0 0.55234375 0.17105263157894737 0.034375 0.05789473684210526